11
15
37
38
39
40
41
42
43
44
45
46
47
51
52
53
54
55
61
69
72
93
94
95
113
116
140
141
146
147
150
151
153
154
155
156
167
168
174
175
204
210
214
228
229
236
312
315
318
328
331
332
333
334
351
352
353
354
355
360
377
378
394
395
396
446
447
448
449
454
460
461
462
464
465
466
467
468
469
470
472
474
479
480
481
483
484
485
487
488
489
490
491
492
493
494
495
496
497
498
499
514
521
523
533
535
539
543
547
549
558
559
561
562
563
564
568
569
572
573
597
618
619
621
622
623
624
631
632
636
637
638
641
642
643
644
645
653
664
669
703
709
710
726
732
744
745
746
747
748
749
750
751
752
753
754
755
762
763
770
779
784
785
786
800
807
810
811
821
830
846
855
862
866
869
872
874
875
884
891
896
898
900
901
904
907
909
922
925
926
940
948
952
953
955
956
960
983
989
991
994
997
999
1000
